10
11
12
13
1
1
1
1
1
1
4
5
5
5
5
5
5
5
53
5
1
1
1
1
1
1
1
1
1
4
5
5
5
5
5
5
5
53
5
1
1
1
1
1
1
1
1
1
4
5
5
5
5
5
5
5
53
5
1
1
1
1
1
1
1
1
1
4
5
5
5
5
5
5
5
53
5
1
1
1
1
1
1
1
1
1
4
5
5
5
5
5
5
5
53
5
1
1
1
1
1
1
1
1
1
4
5
5
5
5
5
5
5
53
5
1
1
1
1
1
1
1
1
1
4
5
5
5
5
5
5
5
53
5
1
1
1
1
1
1
1
1
1
4
5
5
5
5
5
5
5
53
5
1
1
1
1
1
1
1
1
1
4
5
5
5
5
5
5
5
53
5
1
1
1
1
1
1
1
1
1
4
5
5
5
5
5
5
5
53
5
1
1
1
1
1
1
1
1
1
4
5
5
5
5
5
5
5
53
5
1
1
1
1
1
1
1
1
1
4
5
5
5
5
5
5
5
53
5
1
12
11
10
1
1
1
1
1
4
5
5
5
5
5
5
5
53
5
1
1
1
1
1
9
15
12
